100 39.318830000464594
5668 2.304971844402712
11336 1.2830758765562256
17004 6.4964638903959475
22672 1.1422293033172835
28340 1.119061518249227
34008 1.009586378175821
36272 1.0167683916305428
38539 1.034604475391445
40806 0.9587616726533691
43073 0.868487813935351
45340 0.8507713013620519
47607 0.8748861862652337
49874 311.977216549062
52141 8.904554419375177
54408 0.7224408882767407
56675 0.6323402721490433
58942 0.6263949628196546
61209 0.6301478939269906
63476 1.3792757671270797
65743 114.18834201604572
68010 7.575520845046684
