100 34.989168352239275
5679 2.7661078372422385
11358 2.0535461625632117
17037 1.697280883438447
22716 1.3769699098432766
28395 1.3561813757700079
34074 2.954629335859243
36336 1.0972327148213106
38607 1.206282134091153
40878 0.9501796278883429
43149 0.8711975074866238
45420 0.9874974482199725
47691 0.8557464925681844
49962 0.7488227933645248
52233 0.779242387063363
54504 0.6737112566828728
56775 0.5938747677732916
59046 0.6182433693724521
61317 0.5354061438756831
63588 0.4952445254606359
65859 0.4630300076568828
68130 0.4806689110748908
