100 40.35908150882665
5681 2.7973101460688974
11362 3.333492584941674
17043 4.431188802914885
22724 1.321135508699501
28405 4.0837026400999585
34086 26.080829429661424
36352 1.5312159024725212
38624 5.391620435497978
40896 226.61853237463234
43168 743.4705357925633
45440 0.92500418931508
47712 5158.320537258977
49984 143.88262657441
52256 13.6414601330883
54528 171.36728144723298
56800 1263.171284280914
59072 9.404222026423625
61344 33.04606097814275
63616 21.559808556984596
65888 536.7094094665869
68160 17.94847240921689
