100 22.888656122586934
554 35.366254816499925
1108 2.5020234748706947
1662 0.7068419677659968
2216 2.4554482229996815
2770 3.4687351533960546
3324 1.4994323741924638
3536 0.8180100193032755
3757 19.641716066425353
3978 0.6832424981269691
4199 0.8728457654974326
4420 0.7681092675474005
4641 0.6849711980284338
4862 0.619728618865916
5083 7.265174834701019
5304 0.6636558323956806
5525 0.6262904411832226
5746 0.6431538396852567
5967 0.6275121714817015
6188 0.6766446252645026
6409 0.7101834699951048
6630 0.6915745350091828
