100 39.756487930602155
5656 1.6211604535409867
11312 2.017865775147734
16968 0.8450261930115203
22624 0.8056049576172462
28280 0.7925481426070559
33936 0.9294805064839855
36192 0.7700658204548719
38454 0.7340493302399617
40716 261.4932671749694
42978 0.9951395733743651
45240 0.7772657482372729
47502 0.6465780535484651
49764 0.955140218350962
52026 0.5932171040790373
54288 0.5351625344692132
56550 0.5306231844798792
58812 0.5108391911725373
61074 0.4900224303927517
63336 0.47763950838322655
65598 0.45730349268668735
67860 0.4305106771637571
